0 0.2549890410958904 0.8215582191780821 0.03565479452054794 0.08886007827788643
3 0.3077054794520548 0.776391878669276 0.013542465753424611 0.010963796477495147
0 0.18779041095890409 0.9684344422700587 0.026643835616438353 0.06215264187866926
0 0.3647630136986301 0.8522871819960861 0.021158904109589045 0.018468688845401173
0 0.026930136986301364 0.9713454011741682 0.03150410958904109 0.044500978473581226
3 0.29872876712328766 0.7412426614481408 0.014487671232876679 0.01715264187866936
0 0.09471780821917808 0.8964359099804305 0.03609863013698631 0.034261252446183936
0 0.10137397260273971 0.8621379647749511 0.011010958904109587 0.025890410958904143
2 0.2467630136986301 0.9356066536203522 0.08581643835616436 0.12104696673189816
2 0.29299589041095886 0.8414970645792563 0.041142465753424645 0.07276908023483367
0 0.1375958904109589 0.873972602739726 0.021224657534246582 0.034500978473581204
0 0.17186712328767123 0.8725171232876712 0.012539726027397285 0.023801369863013743
