0 0.35606575342465746 0.7417098825831702 0.012695890410958881 0.07724559686888459
0 0.7066164383561643 0.682578277886497 0.04217534246575343 0.037416829745596875
0 0.6066205479452055 0.59220156555773 0.047345205479452035 0.03643835616438357
0 0.283186301369863 0.6590019569471623 0.023983561643835635 0.03610567514677113
0 0.5254027397260274 0.6201516634050881 0.014038356164383562 0.018659491193737818
1 0.5827958904109588 0.6359319960861056 0.0857397260273972 0.00728473581213301
0 0.45993424657534243 0.6431824853228962 0.028082191780821917 0.07171722113502942
2 0.8406602739726027 0.8685420743639921 0.31019726027397254 0.2565557729941292
3 0.7361369863013697 0.7092930528375734 0.022849315068493175 0.02476027397260269
1 0.1745712328767123 0.7123214285714285 0.0286821917808219 0.04702054794520543
0 0.3471054794520548 0.5595083170254402 0.021257534246575317 0.022157534246575322
1 0.13742465753424657 0.945738747553816 0.27224109589041096 0.10579256360078278
1 0.2316986301369863 0.7769716242661449 0.24261917808219174 0.04534246575342469
0 0.36816575342465746 0.5752544031311155 0.005909589041095872 0.011663405088062581
0 0.3351424657534246 0.9436374755381605 0.027271232876712317 0.03778375733855187
0 0.6100205479452054 0.6143101761252446 0.013334246575342485 0.02721135029354213
0 0.4068465753424657 0.6598434442270058 0.00799452054794516 0.027710371819960798
0 0.6498835616438355 0.6318028375733855 0.019591780821917742 0.02235322896281803
0 0.3499520547945205 0.8424633072407044 0.015515068493150713 0.09571917808219171
1 0.4082561643835616 0.8999804305283756 0.326786301369863 0.05289628180039133
0 0.10216027397260273 0.9125733855185909 0.02398082191780821 0.031066536203522503
1 0.6341849315068492 0.864713796477495 0.0959205479452055 0.02938845401174165
0 0.19008767123287668 0.6556457925636007 0.05407123287671233 0.05121330724070453
0 0.2636712328767123 0.6455699608610568 0.010345205479452052 0.02938845401174165
0 0.4920972602739726 0.6297725048923679 0.023838356164383557 0.0448972602739727
1 0.4080178082191781 0.5796257338551859 0.04636438356164384 0.018077299412915873
0 0.5451561643835616 0.6688380626223092 0.0326520547945205 0.05656066536203529
2 0.6251561643835615 0.7734980430528376 0.11558904109589042 0.1481017612524462
0 0.24862602739726025 0.6245792563600782 0.013164383561643822 0.02267123287671229
1 0.2469808219178082 0.7412866927592955 0.11425753424657532 0.017632093933463776
