0 0.5293617897337359 0.8189563939245468 0.03297556958550642 0.0822831945124939
0 0.23018254186110348 0.9356663400293974 0.06308262421081527 0.12426751592356682
0 0.016887180894866866 0.8802523272905438 0.03432335986824046 0.04198432141107303
0 0.38496980510568213 0.7278564429201371 0.013173208893768874 0.054576188143067174
0 0.2866318967883612 0.6392773150416462 0.038622014822948095 0.057094561489465935
0 0.44868514960197636 0.8491842234198922 0.0635520175679385 0.29890739833414987
0 0.06930414493549272 0.784953454189123 0.13552292066977764 0.1486134247917687
0 0.34752539116113085 0.597295443410093 0.02116662091682676 0.053738363547280774
0 0.49104721383475153 0.7282778049975502 0.015522920669777705 0.04702106810387066
0 0.2664040625857809 0.5960362567368938 0.04520450178424374 0.04618324350808427
0 0.1318679659621191 0.6829397354238119 0.058377710678012625 0.053738363547280774
0 0.15538841614054347 0.9440641842234199 0.06214109250617622 0.10579617834394907
0 0.5914534724128465 0.9192944634982851 0.05085094702168542 0.15365017148456633
0 0.4028451825418611 0.5784051935325821 0.023521822673620657 0.10831455169034783
0 0.1245772714795498 0.9150955414012739 0.10400494098270655 0.16204801567858892
2 0.24876475432335984 0.7794977951984321 0.14822399121603075 0.20318961293483587
0 0.10317320889376887 0.8067834394904458 0.11943453197913806 0.1418961293483587
