0 0.40469178082191776 0.5434173189823874 0.006802739726027377 0.01603228962818014
0 0.232958904109589 0.8084637964774951 0.0545753424657534 0.11467710371819964
0 0.3944890410958904 0.5674706457925635 0.01088493150684932 0.04567514677103713
1 0.10498219178082191 0.9478375733855186 0.2101780821917808 0.026027397260273994
0 0.10286575342465754 0.9742857142857143 0.019747945205479445 0.03862035225048926
0 0.34689726027397255 0.629420254403131 0.026939726027397238 0.03595401174168298
0 0.13977671232876712 0.9083732876712329 0.04372876712328767 0.056257338551859104
0 0.35229863013698626 0.6056139921722113 0.015808219178082204 0.01797945205479452
1 0.38473972602739726 0.9096379647749511 0.39073972602739726 0.04197651663405086
0 0.24039863013698626 0.9595914872798433 0.025860273972602734 0.07304794520547943
0 0.4207465753424657 0.629422700587084 0.034556164383561606 0.07822896281800396
0 0.3290287671232876 0.6804134050880625 0.010342465753424656 0.036942270058708405
0 0.4383698630136986 0.8882093933463796 0.02567123287671234 0.2226027397260274
