0 0.27346006038978865 0.6594292013718765 0.03391435629975294 0.0302253797158256
1 0.23723853966511116 0.5784051935325821 0.04238265166071921 0.012596766291033824
0 0.26711227010705463 0.6061121999020088 0.01838594564919023 0.06801077902988728
0 0.20946198188306336 0.5666487016168544 0.013170463903376312 0.0512199902008819
1 0.35556958550645074 0.6993116119549241 0.24131759538841616 0.017633512983831458
0 0.1687949492176777 0.6199657030867222 0.06825693110074114 0.07388535031847131
0 0.3278163601427395 0.6678245957863793 0.033398298105956584 0.06381185693287604
0 0.3466538567115015 0.6097084762371386 0.02155915454295915 0.036153846153846134
0 0.25558468295360964 0.6233243508084272 0.005690365083722212 0.021827535521803016
0 0.11258303595937413 0.8663988241058306 0.17785890749382377 0.2544047035766781
0 0.35086604446884434 0.9465825575698187 0.039041998353005765 0.09907398334149928
0 0.28004529234147674 0.6027535521803038 0.007573428493000283 0.026026457618814253
0 0.3496898160856437 0.7748775110240079 0.08655503705737028 0.14525722684958356
0 0.24218089486686797 0.6648848603625674 0.026865220971726597 0.04618324350808427
0 0.2132445786439747 0.7135913767760902 0.03955531155640955 0.04952474277315038
0 0.09564644523744166 0.8500171484566389 0.19102937139720008 0.2418275355218031
