0 0.24771643835616436 0.6486643835616438 0.011969863013698612 0.015547945205479438
0 0.41639589041095887 0.5333635029354208 0.012221917808219213 0.008136007827788592
0 0.3828041095890411 0.6732216242661448 0.015673972602739672 0.02798923679060667
0 0.2750506849315068 0.6921135029354206 0.0877671232876712 0.10215264187866925
0 0.3302986301369863 0.9794545009784735 0.014887671232876688 0.040112524461839535
0 0.18904520547945203 0.7470401174168296 0.012145205479452035 0.027289628180039126
0 0.4858534246575342 0.9772382583170254 0.013323287671232906 0.03707925636007826
0 0.4374630136986301 0.5416805283757339 0.013715068493150668 0.019593933463796454
1 0.3140383561643835 0.9548483365949119 0.021550684931506806 0.01749510763209393
0 0.11596849315068491 0.7736276908023483 0.02821095890410958 0.02168786692759292
0 0.32011095890410957 0.746690313111546 0.057991780821917825 0.13713796477495116
0 0.28268493150684926 0.8841854207436399 0.016054794520547918 0.046893346379647816
0 0.4172835616438356 0.5668688845401173 0.021158904109589045 0.02798434442270061
0 0.4266890410958904 0.984933953033268 0.020375342465753392 0.02448630136986299
0 0.1770945205479452 0.7967172211350293 0.06112602739726027 0.07206457925636016
0 0.3254013698630137 0.8362499999999999 0.009010958904109617 0.04477984344422699
0 0.35627123287671225 0.5699461839530332 0.0511835616438356 0.02721135029354202
0 0.34773561643835615 0.6116487279843444 0.05367945205479453 0.05597847358121334
0 0.4676342465753424 0.6942123287671232 0.027821917808219226 0.051780821917808285
0 0.3788904109589041 0.7851712328767122 0.01723287671232879 0.0797651663405089
0 0.3973 0.6147994129158513 0.028994520547945185 0.038483365949119414
0 0.3925986301369863 0.7082069471624266 0.009405479452054836 0.04338062622309201
1 0.07482739726027397 0.8117612524461838 0.00861917808219179 0.022387475538160465
0 0.33598082191780815 0.6578277886497064 0.01449863013698632 0.01818982387475541
0 0.5409123287671233 0.7846942270058708 0.06073424657534248 0.1597602739726027
1 0.1385 0.8386986301369862 0.27702191780821916 0.04408023483365944
0 0.282545205479452 0.6102764187866928 0.05768767123287669 0.03206947162426612
0 0.15137945205479453 0.699926614481409 0.049005479452054794 0.025753424657534295
0 0.07208493150684932 0.7736276908023483 0.046235616438356164 0.03707925636007826
0 0.49231643835616434 0.9226638943248533 0.016852054794520545 0.08466242661448138
1 0.06659863013698629 0.740007338551859 0.13321917808219177 0.011961839530332703
0 0.13614794520547943 0.740743639921722 0.05916712328767122 0.034285714285714246
0 0.3052205479452055 0.9328082191780822 0.018024657534246563 0.08955968688845398
0 0.3898561643835616 0.6438356164383561 0.007054794520547945 0.013992172211350249
0 0.42237808219178075 0.6459319960861055 0.01802191780821917 0.03498532289628179
1 0.4436301369863013 0.6379721135029354 0.10122191780821918 0.010689823874755448
1 0.4290397260273972 0.8687866927592955 0.29152054794520543 0.03708414872798432
0 0.46191780821917805 0.5412451076320938 0.012663013698630082 0.016873776908023486
0 0.07874520547945206 0.9178816046966732 0.13243835616438354 0.16325831702544033
0 0.08756164383561643 0.7907705479452054 0.018416438356164373 0.01259784735812133
0 0.46058082191780814 0.6168982387475538 0.01058082191780825 0.03708414872798432
1 0.3501630136986301 0.5903546966731897 0.04272054794520543 0.006805283757338592
1 0.06235342465753424 0.7984662426614482 0.12525479452054794 0.023791585127201618
0 0.2889602739726027 0.8341511741682974 0.016063013698630103 0.054574363992172185
