0 0.32107054625308806 0.6453919647231748 0.04551194070820751 0.07206761391474763
0 0.4729357672248147 0.657329740323371 0.05362887729892942 0.111670749632533
0 0.22317046390337633 0.752795198432141 0.13886357397749108 0.17027437530622241
0 0.14301262695580563 0.7805022048015678 0.16031567389514134 0.16121019108280255
1 0.3781059566291518 0.6062101910828026 0.0670710952511666 0.014693777560019602
0 0.31303321438374965 0.5943140617344438 0.017677738127916513 0.028686918177364015
0 0.2066620916826791 0.9495198432141106 0.04990941531704637 0.09319941205291525
0 0.07559703541037605 0.8863057324840764 0.15174306889925884 0.09872611464968152
0 0.5390049409827066 0.7954483096521313 0.07766401317595384 0.1645663890249878
0 0.45880043919846275 0.9268520333170014 0.030150974471589324 0.1418961293483586
0 0.1560952511666209 0.8760534051935326 0.04944002195992314 0.06381675649191573
0 0.4863436727971452 0.7370896619304262 0.040927806752676335 0.08309652131308189
0 0.3000905846829536 0.6366462518373346 0.028641229755695892 0.04617834394904458
