0 0.26941643835616436 0.6924461839530333 0.021315068493150673 0.021017612524461746
1 0.3753095890410959 0.7051785714285714 0.029479452054794558 0.03765655577299403
0 0.2707767123287671 0.672585616438356 0.005443835616438357 0.01619863013698625
0 0.328927397260274 0.6094398238747555 0.01204109589041097 0.025875733855185958
0 0.3360808219178082 0.6560053816046967 0.006802739726027377 0.015425636007827885
1 0.3270109589041096 0.6412451076320939 0.025397260273972613 0.014985322896281742
0 0.31385890410958905 0.672786203522505 0.008616438356164395 0.016599804305283787
1 0.19473972602739723 0.7899192759295499 0.21441095890410955 0.029163405088062682
1 0.4268904109589041 0.7895914872798435 0.16587397260273967 0.013409980430528415
0 0.2907315068493151 0.7270865949119373 0.01406027397260272 0.018224070450097846
2 0.07388356164383561 0.8013820939334638 0.03893972602739726 0.04470156555773
1 0.29832739726027396 0.627864481409002 0.03423835616438357 0.01656066536203518
1 0.35161506849315066 0.6738209393346379 0.034693150684931534 0.02514677103718204
2 0.2966657534246575 0.8852495107632093 0.17362739726027396 0.22852250489236786
0 0.32270273972602737 0.6493224070450098 0.00498904109589042 0.013321917808219187
0 0.294472602739726 0.6568150684931506 0.005213698630136978 0.02109589041095885
0 0.19721095890410956 0.7175954011741683 0.014328767123287688 0.014055772994129167
0 0.292427397260274 0.7559980430528376 0.007473972602739718 0.027534246575342564
