0 0.22958356164383562 0.7627005870841487 0.05971506849315069 0.10579256360078278
1 0.4097260273972602 0.8123776908023483 0.21999999999999997 0.06409001956947162
0 0.14964931506849316 0.903757338551859 0.08886575342465751 0.16960861056751458
0 0.03797945205479452 0.8470817025440313 0.07335068493150684 0.09319471624266144
0 0.3323205479452054 0.7190362035225049 0.06676712328767125 0.186399217221135
1 0.14862602739726027 0.8092979452054794 0.2978 0.04113992172211346
0 0.28271506849315065 0.8630332681017612 0.020219178082191768 0.0848043052837574
0 0.2039575342465753 0.6459907045009784 0.08275342465753426 0.10915362035225054
0 0.04127123287671233 0.7396086105675146 0.07429041095890411 0.05793542074363996
0 0.1165013698630137 0.7471673189823874 0.08933698630136985 0.0931996086105675
