0 0.4284202580290969 0.6427094561489466 0.01045566840516056 0.012552670259676576
0 0.36730579192972823 0.6980524252817246 0.019332967334614284 0.03526212640862324
0 0.5209168267911062 0.7748775110240079 0.07902827340104311 0.0965556099951004
0 0.4555311556409552 0.8189588437040666 0.05080428218501233 0.05541891229789314
0 0.05331183090859182 0.8298726114649682 0.10165522920669777 0.10075453209211165
0 0.4740296458962393 0.6746986771190593 0.03175953884161407 0.04413522782949531
0 0.4825802909689816 0.8768936795688388 0.026813066154268476 0.013434590886820221
0 0.29755558605544874 0.6399706026457619 0.02940159209442764 0.021577658010779013
1 0.31437963217128734 0.6662101910828025 0.08003568487510292 0.023904948554630177
0 0.4911570134504529 0.720656540911318 0.01610485863299474 0.0218618324350809
0 0.3551468569860005 0.6052572268495835 0.01771616799341201 0.03158255756981873
0 0.43410513313203397 0.6980548750612445 0.03711501509744717 0.06548750612444873
0 0.4199245127642053 0.6176065654091131 0.01383749656876203 0.023081822635962715
0 0.4639747460883887 0.7702596766291033 0.024507274224540267 0.04197942185203335
1 0.2717554213560252 0.776234688878001 0.3335190776832281 0.05422341989220974
