0 0.4245602739726027 0.5752568493150685 0.004095890410958854 0.013781800391389468
0 0.361872602739726 0.5828864970645793 0.01889589041095891 0.02975538160469664
0 0.32502191780821915 0.6527446183953033 0.01197260273972604 0.02283757338551862
0 0.42538493150684936 0.548674168297456 0.0034109589041096014 0.005391389432485314
0 0.2660630136986301 0.6165900195694716 0.0107780821917808 0.015861056751467744
1 0.44557534246575337 0.6023336594911938 0.03313424657534242 0.004295499021526405
0 0.4035356164383561 0.6505088062622308 0.0288684931506849 0.03789628180039129
1 0.3723945205479452 0.6803938356164383 0.17060821917808214 0.036443248532289634
3 0.436086301369863 0.6246917808219177 0.019652054794520552 0.014510763209393386
0 0.3839178082191781 0.5494936399217221 0.0073479452054794345 0.010777886497064565
0 0.3759315068493151 0.5950636007827788 0.006443835616438351 0.013160469667319026
0 0.4262561643835616 0.6529378669275929 0.01716986301369865 0.03790117416829747
1 0.4197657534246575 0.5630797455968688 0.025997260273972565 0.004779843444226997
1 0.3008041095890411 0.6328228962818003 0.02285753424657536 0.008258317025440366
0 0.4563986301369863 0.6792074363992172 0.01438630136986301 0.03150684931506854
1 0.4111821917808219 0.6126100782778866 0.06897260273972602 0.020582191780821886
2 0.341272602739726 0.5607265166340508 0.015367123287671272 0.01905577299412907
