0 0.12387043645347241 0.8017466927976482 0.24371671699149053 0.24265066144047034
0 0.20289870985451552 0.8508647721705046 0.16468844359044743 0.2569279764821165
0 0.26664424924512764 0.8559088682018617 0.11436453472412846 0.2854581087702107
0 0.6261858358495744 0.9518569328760411 0.0411611309360418 0.08885840274375312
0 0.3285890749382377 0.6586281234688879 0.05520724677463625 0.06063694267515923
0 0.4312819105133132 0.7303772660460558 0.024979412572055996 0.05793238608525233
1 0.5024869612956354 0.671905928466438 0.03382377161679934 0.012552670259676687
0 0.27756107603623387 0.634813816756492 0.09484765303321441 0.06761881430671239
1 0.2199533351633269 0.6738878000979913 0.06351907768322809 0.01052915237628614
0 0.4594002195992314 0.6285399314061734 0.044685698600054884 0.1239098481136697
1 0.3849464726873456 0.7018299853013228 0.18153170463903373 0.022670259676629095
0 0.4468281636014274 0.7702621264086232 0.019289047488333783 0.08900048995590401
