0 0.30535273126544055 0.6636942675159235 0.06280538018116935 0.08045075943165117
1 0.31603211638759265 0.7203013228809407 0.0936563272028548 0.02434590886820189
0 0.3588251441119956 0.7661440470357668 0.029371397200109797 0.09534541891229785
1 0.32224128465550367 0.5901126898579128 0.026996980510568185 0.010935815776580076
1 0.293204776283283 0.6069157275845175 0.09142190502333243 0.007285644292013777
3 0.43402827340104305 0.5896325330720236 0.005015097447158929 0.0061832435080842185
1 0.2259662366181718 0.711905928466438 0.13548998078506724 0.031063204311612
0 0.4908042821850123 0.7977707006369427 0.15657425199011799 0.20494855463008338
1 0.6116826791106231 0.884451249387555 0.03956080153719459 0.025188633023027856
3 0.4293274773538292 0.5738314551690348 0.009190227834202584 0.008201861832435086
0 0.4271740323908866 0.545029397354238 0.0142217952237167 0.02558059774620286
