0 0.12012328767123287 0.9610200587084149 0.012224657534246576 0.0319031311154599
0 0.1680821917808219 0.9270132093933463 0.02256986301369866 0.027705479452054847
0 0.4588273972602739 0.9668786692759296 0.011999999999999986 0.01846379647749511
0 0.37816301369863015 0.5600171232876712 0.004736986301369853 0.011394324853228945
0 0.4371150684931507 0.6475122309197651 0.012071232876712313 0.029760273972602815
0 0.40043287671232874 0.6336888454011742 0.017726027397260286 0.07521526418786693
0 0.4058082191780822 0.7615949119373776 0.03863013698630137 0.08845401174168295
0 0.4301 0.6094373776908023 0.014556164383561672 0.027651663405088053
2 0.24425205479452053 0.7817588062622308 0.163627397260274 0.2594471624266144
0 0.12476712328767123 0.8076981409001956 0.04084383561643837 0.04761741682974556
