0 0.45882377161679927 0.8126604605585497 0.038575349986275036 0.16037236648701614
0 0.431141916003294 0.5800293973542381 0.0077353829261597755 0.02672219500244976
0 0.4152827340104309 0.6749608035276824 0.048490255284106526 0.14525722684958356
0 0.4061144660993686 0.8945247427731503 0.01321712874004937 0.048696717295443455
0 0.4437414219050233 0.925607545320921 0.040488608289870984 0.1478049975502205
0 0.42006176228383196 0.5817319941205291 0.010889376887180852 0.0372513473787359
0 0.500688992588526 0.937765801077903 0.020697227559703563 0.12174424301812838
0 0.39341065056272306 0.8109823615874572 0.018772989294537495 0.13182263596276333
0 0.4435122152072467 0.7018299853013228 0.008984353554762563 0.032743753062224365
0 0.4149162777930277 0.5505022048015679 0.009975295086467236 0.007266046055854937
