0 0.31122701070546255 0.65437285644292 0.026165248421630503 0.03498775110240082
0 0.09962393631622289 0.7966340029397353 0.1997968707109525 0.17723664870161684
0 0.3812970079604721 0.5362983831455169 0.009505901729343976 0.012243998040176389
0 0.2785588800439198 0.710639392454679 0.022245402141092496 0.03789808917197448
0 0.303713972001098 0.6179299363057326 0.022245402141092496 0.030901518863302273
1 0.4103719461981883 0.7475894169524743 0.11572055997804005 0.021832435080842698
0 0.3559813340653308 0.5844022537971582 0.02877847927532251 0.04664870161685439
1 0.11785341751303868 0.9610754532092111 0.22017567938512214 0.03964233219010293
0 0.2512819105133132 0.6820676139147476 0.059160032939884734 0.03323860852523269
0 0.12802772440296456 0.9804066634002939 0.024696678561625024 0.038206761391474775
