0 0.529234147680483 0.8184713375796179 0.03293988471040351 0.08182263596276335
0 0.22989294537469118 0.9350808427241548 0.06286027998902004 0.12395884370406664
0 0.0168816909140818 0.8797158255756982 0.034312379906670326 0.04164625183733464
0 0.38471040351358765 0.7273395394414502 0.012901454844908043 0.05438510534051935
0 0.2863024979412572 0.6389024987751102 0.03842986549547076 0.05683488486036257
0 0.4483941806203678 0.849093581577658 0.06340927806752676 0.2988731014208721
0 0.0690365083722207 0.7846643802057814 0.13532802635190777 0.14845663890249877
0 0.34737853417513037 0.5970112689857913 0.021136426022508918 0.053405193532582065
0 0.4908042821850123 0.7278294953454189 0.015371946198188305 0.04654581087702107
0 0.2662640680757617 0.5957863792258696 0.04501784243755146 0.046055854973052424
0 0.13175953884161404 0.6827535521803038 0.05819379632171287 0.053405193532582065
0 0.15509195717814986 0.9434100930916217 0.062036782871259945 0.10534051935325821
0 0.5914081800713697 0.9189122978931896 0.05078232226187208 0.1533561979421852
0 0.40255284106505623 0.5779029887310142 0.02333241833653582 0.10828025477707007
0 0.12434806478177325 0.9147476727094561 0.10376063683777106 0.16168544830965212
2 0.24855888004391982 0.7790298873101421 0.14795498215756245 0.20284174424301812
0 0.10307438923963766 0.8062224399804018 0.11940708207521272 0.14159725624693778
