0 0.37510293713972 0.6180793728564429 0.056821301125446054 0.024987751102400785
0 0.3173208893768872 0.6565409113179814 0.04940982706560527 0.11562959333659971
0 0.40804282185012347 0.6491915727584517 0.021136426022508918 0.050955414012738856
0 0.09991765028822398 0.7751102400783929 0.14328849849025527 0.13424791768740812
0 0.45429590996431507 0.9360607545320921 0.054350809772165797 0.11415972562469377
0 0.21191325830359592 0.7146006859382655 0.021959923140269007 0.03184713375796178
0 0.27765577820477627 0.609750122488976 0.017293439472961844 0.0171484566389025
0 0.35986824046115834 0.5756981871631554 0.03458687894592369 0.057814796668299855
0 0.2694208070271754 0.6815286624203821 0.07713423003019489 0.09799118079372857
0 0.32034037880867416 0.5700636942675159 0.02854790008234971 0.028907398334149927
0 0.32830085094702166 0.6616854483096521 0.029096898160856435 0.060264576188143064
2 0.3984353554762558 0.5732484076433121 0.022783420258029097 0.036256736893679566
