0 0.30496843261048584 0.6634002939735424 0.06258578094976668 0.08035276825085742
1 0.31581114466099364 0.7199902008819206 0.09360417238539664 0.0240078392944635
0 0.35849574526489153 0.7658010779029887 0.029096898160856435 0.0950514453699167
1 0.32198737304419434 0.589906908378246 0.026900905846829533 0.010779029887310141
1 0.2930277244029646 0.6065654091131798 0.09140818007136975 0.006859382655560999
3 0.4339829810595663 0.5894169524742773 0.004940982706560527 0.005879470847623714
1 0.22577545978589073 0.7116609505144537 0.13532802635190777 0.030867221950024497
0 0.49052978314575896 0.7976482116609505 0.15646445237441667 0.2048015678588927
1 0.6115838594564919 0.884125428711416 0.03952786165248422 0.024987751102400785
3 0.4291792478726324 0.5732484076433121 0.009058468295360965 0.007839294463498285
0 0.4269832555586055 0.5448309652131308 0.013999451001921492 0.025477707006369428
