0 0.35589041095890406 0.7414383561643835 0.012602739726027396 0.07681017612524461
0 0.7064383561643836 0.6819960861056751 0.04191780821917808 0.03718199608610567
0 0.6063013698630136 0.5919765166340508 0.047123287671232875 0.036203522504892366
0 0.2828767123287671 0.658757338551859 0.023835616438356164 0.03571428571428571
0 0.5253424657534246 0.6198630136986301 0.013972602739726026 0.018590998043052837
1 0.5824657534246575 0.635518590998043 0.08547945205479451 0.00684931506849315
0 0.45972602739726026 0.6428571428571428 0.02794520547945205 0.07142857142857142
2 0.8405479452054794 0.8683953033268101 0.3101369863013698 0.2563600782778865
3 0.7360273972602739 0.708904109589041 0.02273972602739726 0.02446183953033268
1 0.17424657534246574 0.711839530332681 0.028493150684931506 0.046966731898238745
0 0.34698630136986297 0.5589530332681018 0.0210958904109589 0.02201565557729941
1 0.13712328767123286 0.9452054794520548 0.2720547945205479 0.10567514677103718
1 0.2313698630136986 0.7764187866927592 0.2424657534246575 0.04500978473581213
0 0.3680821917808219 0.5746086105675147 0.005753424657534246 0.011252446183953033
0 0.33493150684931505 0.9434931506849314 0.027123287671232874 0.03767123287671233
0 0.60986301369863 0.613747553816047 0.013150684931506848 0.026908023483365948
0 0.40671232876712327 0.659491193737769 0.007945205479452055 0.0273972602739726
0 0.6497260273972603 0.6313600782778864 0.019452054794520546 0.02201565557729941
0 0.3498630136986301 0.8422211350293541 0.015342465753424656 0.09540117416829745
1 0.407945205479452 0.899706457925636 0.3265753424657534 0.05283757338551859
0 0.10205479452054794 0.9121819960861056 0.023835616438356164 0.030821917808219176
1 0.633972602739726 0.8644814090019569 0.0958904109589041 0.029354207436399216
0 0.18999999999999997 0.6550880626223091 0.053972602739726025 0.050880626223091974
0 0.26342465753424654 0.6453033268101761 0.010136986301369862 0.029354207436399216
0 0.491917808219178 0.6294031311154599 0.023835616438356164 0.04452054794520548
1 0.4078082191780822 0.5792563600782779 0.0463013698630137 0.01761252446183953
0 0.5450684931506848 0.6685420743639922 0.0326027397260274 0.05626223091976516
2 0.6247945205479452 0.7729941291585127 0.11534246575342465 0.14774951076320939
0 0.2484931506849315 0.62426614481409 0.013150684931506848 0.022504892367906065
1 0.24671232876712326 0.7411937377690802 0.11424657534246574 0.01761252446183953
