0 0.42438356164383556 0.574853228962818 0.003835616438356164 0.0136986301369863
0 0.3616438356164383 0.5826810176125244 0.01863013698630137 0.029354207436399216
0 0.32479452054794516 0.6521526418786693 0.011780821917808219 0.022504892367906065
0 0.4252054794520548 0.5481898238747553 0.003287671232876712 0.0053816046966731895
0 0.2658904109589041 0.6164383561643836 0.010684931506849314 0.015655577299412915
1 0.44520547945205474 0.601761252446184 0.03287671232876712 0.003913894324853229
0 0.40342465753424656 0.6499510763209393 0.02876712328767123 0.03767123287671233
1 0.3720547945205479 0.6800391389432485 0.17041095890410957 0.036203522504892366
3 0.4357534246575342 0.6245107632093934 0.019452054794520546 0.014187866927592954
0 0.3835616438356164 0.5494129158512719 0.007123287671232876 0.010763209393346379
0 0.3757534246575342 0.5944227005870841 0.006301369863013698 0.012720156555772993
0 0.42602739726027394 0.6523972602739726 0.016986301369863014 0.03767123287671233
1 0.4194520547945205 0.562866927592955 0.025753424657534246 0.004403131115459882
1 0.3006849315068493 0.6325831702544031 0.02273972602739726 0.007827788649706457
0 0.4561643835616438 0.6790606653620352 0.014246575342465753 0.03131115459882583
1 0.41082191780821914 0.6125244618395302 0.06876712328767123 0.02054794520547945
2 0.3410958904109589 0.5601761252446184 0.015342465753424656 0.018590998043052837
