3 0.3150684931506849 0.6920254403131115 0.019726027397260273 0.010273972602739725
2 0.25958904109589037 0.7074363992172211 0.027123287671232874 0.0410958904109589
2 0.3072602739726027 0.6521526418786693 0.041369863013698625 0.03131115459882583
3 0.3324657534246575 0.698385518590998 0.00958904109589041 0.006360078277886497
3 0.35383561643835615 0.6440802348336595 0.005753424657534246 0.004403131115459882
3 0.2810958904109589 0.7101272015655576 0.01589041095890411 0.011252446183953033
3 0.330958904109589 0.6629158512720156 0.014246575342465753 0.008806262230919765
2 0.42561643835616436 0.613747553816047 0.02547945205479452 0.03669275929549902
3 0.3016438356164383 0.7103718199608611 0.01643835616438356 0.008806262230919765
3 0.34520547945205476 0.6386986301369862 0.00821917808219178 0.003424657534246575
