0 0.45992314026900905 0.7934835864772171 0.04803733186933845 0.09162175404213621
0 0.1944825693110074 0.8245957863792258 0.23744166895415864 0.3321901028907398
1 0.3999451001921493 0.8743263106320431 0.2163052429316497 0.04262616364527193
0 0.3932198737304419 0.6011758941695248 0.023881416415042545 0.04703576678098971
0 0.5452923414768048 0.9093581577658011 0.05517430688992588 0.17932386085252328
0 0.05448805929179248 0.8032827045565899 0.10897611858358495 0.04850563449289564
0 0.21905023332418336 0.7067613914747672 0.20971726598956902 0.1954924056834885
0 0.38882788910238814 0.8356197942185203 0.023881416415042545 0.0847623713865752
0 0.4390612132857535 0.67687408133268 0.03266538567115015 0.2150906418422342
0 0.48037331869338457 0.9191572758451739 0.027998902003842984 0.15972562469377755
0 0.1357397749107878 0.7114159725624694 0.07329124348064782 0.07055365017148457
