0 0.24753424657534245 0.6479941291585127 0.011780821917808219 0.015166340508806261
0 0.4161643835616438 0.5327788649706457 0.012054794520547944 0.007827788649706457
0 0.3826027397260274 0.672945205479452 0.015616438356164383 0.027886497064579255
0 0.2747945205479452 0.6917808219178082 0.08767123287671233 0.10176125244618395
0 0.33013698630136984 0.9792074363992171 0.014794520547945205 0.03962818003913894
0 0.18876712328767123 0.7468199608610567 0.012054794520547944 0.026908023483365948
0 0.48575342465753424 0.976761252446184 0.013150684931506848 0.03669275929549902
0 0.4372602739726027 0.5415851272015655 0.0136986301369863 0.019569471624266144
1 0.3136986301369863 0.9542563600782779 0.02136986301369863 0.017123287671232876
0 0.11561643835616438 0.7734833659491194 0.02794520547945205 0.021526418786692758
0 0.3198630136986301 0.7465753424657534 0.05780821917808219 0.136986301369863
0 0.2824657534246575 0.8838062622309197 0.01589041095890411 0.04647749510763209
0 0.41712328767123286 0.5667808219178082 0.0210958904109589 0.027886497064579255
0 0.4265753424657534 0.9848336594911937 0.020273972602739724 0.02446183953033268
0 0.17684931506849313 0.7962328767123287 0.0610958904109589 0.07191780821917808
0 0.32520547945205475 0.8358610567514677 0.008767123287671232 0.04452054794520548
0 0.35589041095890406 0.5697162426614482 0.05095890410958904 0.026908023483365948
0 0.34753424657534243 0.611545988258317 0.05342465753424657 0.05577299412915851
0 0.4675342465753424 0.6939823874755381 0.027671232876712328 0.05136986301369863
0 0.3786301369863013 0.7849804305283757 0.016986301369863014 0.07974559686888454
0 0.39712328767123284 0.6144814090019569 0.02876712328767123 0.03816046966731898
0 0.3923287671232876 0.7079256360078278 0.009315068493150684 0.043052837573385516
1 0.07465753424657534 0.811399217221135 0.008493150684931507 0.02201565557729941
0 0.33561643835616434 0.6577788649706457 0.014246575342465753 0.018101761252446183
0 0.5406849315068493 0.7842465753424657 0.060547945205479445 0.15949119373776907
1 0.1384931506849315 0.8385518590998042 0.276986301369863 0.04403131115459882
0 0.2824657534246575 0.6098336594911937 0.05753424657534246 0.031800391389432484
0 0.15123287671232877 0.6996086105675147 0.04876712328767123 0.025440313111545987
0 0.07178082191780821 0.773238747553816 0.04602739726027397 0.03669275929549902
0 0.4921917808219178 0.9224559686888454 0.016712328767123287 0.08463796477495107
1 0.06657534246575342 0.7397260273972602 0.13315068493150684 0.011741682974559686
0 0.13575342465753423 0.7407045009784735 0.05890410958904109 0.03424657534246575
0 0.3050684931506849 0.932729941291585 0.01780821917808219 0.08953033268101761
0 0.38972602739726026 0.6433463796477494 0.00684931506849315 0.0136986301369863
0 0.4220547945205479 0.6455479452054794 0.01780821917808219 0.034735812133072405
1 0.44342465753424654 0.637720156555773 0.1010958904109589 0.010273972602739725
1 0.4287671232876712 0.8681506849315068 0.2915068493150685 0.03669275929549902
0 0.46164383561643835 0.5410958904109588 0.012602739726027396 0.016634050880626222
0 0.0784931506849315 0.9175636007827788 0.13232876712328767 0.16291585127201563
0 0.08726027397260273 0.7903620352250489 0.018356164383561642 0.01223091976516634
0 0.46027397260273967 0.6166829745596869 0.010410958904109589 0.03669275929549902
1 0.35 0.5897749510763209 0.04246575342465753 0.006360078277886497
1 0.062328767123287665 0.797945205479452 0.1252054794520548 0.023483365949119372
0 0.28876712328767123 0.833904109589041 0.01589041095890411 0.05430528375733855
