0 0.3549272577545978 0.5948064674179324 0.025802909689816085 0.039196472317491425
0 0.42657150699972546 0.6516413522782949 0.03184188855339006 0.06369426751592357
0 0.3449080428218501 0.7535521803037727 0.019489431786988743 0.18618324350808427
0 0.40749382377161675 0.5730034296913278 0.026077408729069447 0.040666340029397355
1 0.400082349711776 0.6090151886330231 0.06725226461707383 0.021558059774620282
0 0.23373593192423825 0.6058304752572269 0.014548449080428218 0.026947574718275354
0 0.3954158660444688 0.8586477217050466 0.016195443315948393 0.05438510534051935
0 0.20079604721383473 0.6381675649191573 0.02003842986549547 0.024987751102400785
0 0.0960746637386769 0.7390984811366977 0.16964040625857807 0.14257716805487505
0 0.5061762283832006 0.7868691817736404 0.09772165797419709 0.19304262616364526
