1 0.2714795498215756 0.7390984811366977 0.06807576173483393 0.01910828025477707
2 0.32555586055448804 0.7263596276335129 0.05160581937963217 0.11709946104850563
0 0.17307164424924512 0.7471827535521803 0.1100741147405984 0.11073003429691328
0 0.24897062860279986 0.9419402253797158 0.03129289047488334 0.10240078392944635
0 0.2831457589898435 0.6068103870651641 0.011803458687894591 0.037726604605585495
0 0.0667032665385671 0.9414502694757472 0.06862475981334065 0.10534051935325821
0 0.33269283557507545 0.6496815286624203 0.024704913532802634 0.03821656050955414
0 0.04501784243755146 0.8027927486526213 0.08234971177600878 0.05928466438020578
1 0.29343947296184464 0.6815286624203821 0.0609387867142465 0.014698677119059284
0 0.3053801811693659 0.6185693287604116 0.010156464452374416 0.022048015678588925
3 0.16977765577820475 0.8892699657030867 0.06011528959648641 0.1087702106810387
0 0.2458138896513862 0.6702596766291034 0.034312379906670326 0.039196472317491425
0 0.2819105133132034 0.6460068593826556 0.012626955805654679 0.037726604605585495
0 0.13175953884161404 0.7190102890739833 0.10540763107329124 0.09064184223419892
