0 0.4043835616438356 0.5430528375733855 0.006575342465753424 0.015655577299412915
0 0.23273972602739723 0.8082191780821917 0.05452054794520548 0.11448140900195694
0 0.3943835616438356 0.5672700587084148 0.010684931506849314 0.045499021526418784
1 0.10506849315068492 0.9474070450097847 0.21013698630136984 0.02592954990215264
0 0.10273972602739725 0.9735812133072407 0.019726027397260273 0.03816046966731898
0 0.34684931506849315 0.6289138943248532 0.026849315068493147 0.03571428571428571
0 0.1395890410958904 0.9080234833659491 0.043561643835616434 0.05577299412915851
0 0.35219178082191777 0.6051859099804305 0.015616438356164383 0.01761252446183953
1 0.38465753424657534 0.9092465753424657 0.3906849315068493 0.041585127201565555
0 0.24027397260273972 0.9591487279843444 0.025753424657534246 0.07289628180039139
0 0.42054794520547945 0.6289138943248532 0.034520547945205475 0.07778864970645792
0 0.3289041095890411 0.6802837573385518 0.010136986301369862 0.03669275929549902
0 0.43821917808219174 0.8882093933463796 0.02547945205479452 0.2226027397260274
