0 0.16415042547351083 0.7219500244977952 0.13834751578369475 0.09358157765801078
0 0.3244578643974746 0.7680058794708476 0.03623387318144386 0.0583047525722685
0 0.47131485039802357 0.7292993630573248 0.014273950041174856 0.05438510534051935
0 0.3589074938237716 0.7028417442430182 0.020587427944002194 0.03674669279764821
0 0.30277244029645894 0.7484076433121019 0.025802909689816085 0.04752572268495835
0 0.19242382651660717 0.8552180303772661 0.0807027175404886 0.10142087212150906
0 0.6290145484490803 0.9610485056344928 0.055723304968432606 0.07300342969132778
0 0.45443315948394175 0.7768250857422832 0.005215481745813889 0.015188633023027927
0 0.30620367828712597 0.6362077413032827 0.013999451001921492 0.018128368446839783
0 0.2540488608289871 0.6788339049485547 0.08262421081526214 0.07104360607545321
0 0.569311007411474 0.9274865262126408 0.05489980785067252 0.13326800587947085
0 0.07219324732363436 0.8272905438510534 0.14328849849025527 0.13473787359137676
0 0.41586604446884434 0.9203821656050956 0.027998902003842984 0.1533561979421852
