0 0.12366181718363985 0.8013228809407154 0.24348064781773263 0.2425281724644782
0 0.20271754048860827 0.850563449289564 0.1644249245127642 0.2567368936795688
0 0.26653856711501506 0.8554630083292504 0.11419160032939885 0.2851543361097501
0 0.6259950590172934 0.9517393434590886 0.04090035684875103 0.08868201861832435
0 0.32843810046664834 0.6582557569818717 0.05517430688992588 0.060264576188143064
0 0.43096349162777925 0.7300342969132778 0.024704913532802634 0.057814796668299855
1 0.5021959923140269 0.671484566389025 0.0337633818281636 0.01224889759921607
0 0.2773812791655229 0.6344928956393925 0.09470216854241009 0.06761391474767271
1 0.21973648092231676 0.6734443900048995 0.06340927806752676 0.0102890739833415
0 0.45923689267087564 0.6281234688878001 0.04446884435904474 0.12346888780009799
1 0.38471040351358765 0.7016168544830965 0.18144386494647266 0.02253797158255757
0 0.44660993686522094 0.7699657030867222 0.01921493274773538 0.08868201861832435
