0 0.3207521273675542 0.6450269475747182 0.045292341476804825 0.0720235178833905
0 0.47282459511391706 0.6567858892699657 0.053527312654405704 0.11121999020088191
0 0.2230304693933571 0.7523272905438511 0.13862201482294811 0.17001469867711905
0 0.14273950041174854 0.7802547770700636 0.16030743892396376 0.16119549240568348
1 0.3779851770518803 0.6058304752572269 0.06697776557782047 0.014208721215090642
0 0.31292890474883334 0.5938265556099951 0.017567938512215206 0.028417442430181284
0 0.206286027998902 0.9490445859872612 0.04968432610485863 0.09309162175404213
0 0.07548723579467471 0.8860852523272905 0.15152346966785615 0.0984811366976972
0 0.5388416140543508 0.794953454189123 0.07740872906944825 0.16413522782949536
0 0.45855064507274224 0.9262616364527192 0.02992039527861652 0.14159725624693778
0 0.15591545429590994 0.8755512003919647 0.04940982706560527 0.06369426751592357
0 0.48627504803733185 0.7366487016168545 0.04090035684875103 0.08280254777070063
0 0.3000274499039253 0.636452719255267 0.02854790008234971 0.046055854973052424
