0 0.2691780821917808 0.6917808219178082 0.0210958904109589 0.02054794520547945
1 0.3752054794520548 0.7045009784735812 0.029315068493150683 0.03718199608610567
0 0.2705479452054794 0.6724559686888454 0.0052054794520547945 0.01614481409001957
0 0.32863013698630134 0.6090998043052838 0.011780821917808219 0.025440313111545987
0 0.3358904109589041 0.6558219178082192 0.006575342465753424 0.015166340508806261
1 0.32684931506849313 0.6409001956947162 0.025205479452054792 0.014677103718199608
0 0.3135616438356164 0.6724559686888454 0.008493150684931507 0.01614481409001957
1 0.19452054794520546 0.7893835616438356 0.21424657534246574 0.028864970645792562
1 0.4267123287671233 0.7893835616438356 0.16575342465753423 0.013209393346379647
0 0.29054794520547944 0.726761252446184 0.013972602739726026 0.018101761252446183
2 0.0736986301369863 0.8011252446183953 0.03890410958904109 0.04452054794520548
1 0.2980821917808219 0.6274461839530332 0.03397260273972603 0.01614481409001957
1 0.3515068493150685 0.6734344422700587 0.034520547945205475 0.024951076320939333
2 0.2963013698630137 0.884784735812133 0.17342465753424657 0.22847358121330724
0 0.3224657534246575 0.648972602739726 0.004931506849315068 0.013209393346379647
0 0.2943835616438356 0.6563111545988258 0.0052054794520547945 0.021037181996086105
0 0.196986301369863 0.7172211350293541 0.014246575342465753 0.0136986301369863
0 0.29219178082191777 0.7558708414872798 0.0073972602739726025 0.0273972602739726
