0 0.4097260273972602 0.6386986301369862 0.029863013698630134 0.09050880626223091
0 0.4626027397260274 0.723091976516634 0.0473972602739726 0.07045009784735812
0 0.5165753424657534 0.8275440313111545 0.033150684931506844 0.11203522504892367
0 0.426986301369863 0.762720156555773 0.0336986301369863 0.1350293542074364
0 0.24972602739726027 0.6565557729941291 0.1432876712328767 0.07534246575342465
0 0.4868493150684931 0.9016634050880625 0.03178082191780822 0.14774951076320939
0 0.3373972602739726 0.9371330724070449 0.05452054794520548 0.10616438356164383
0 0.04342465753424657 0.8896771037181995 0.08684931506849314 0.1697651663405088
0 0.26534246575342463 0.8512720156555773 0.04794520547945205 0.11741682974559686
0 0.33999999999999997 0.7054794520547945 0.0789041095890411 0.07436399217221135
0 0.3920547945205479 0.7199119373776908 0.03616438356164383 0.0474559686888454
0 0.46219178082191775 0.7751956947162426 0.009863013698630137 0.03571428571428571
0 0.3512328767123287 0.8250978473581213 0.05150684931506849 0.16682974559686886
0 0.440958904109589 0.8940802348336594 0.030410958904109588 0.19227005870841485
1 0.24356164383561643 0.7348336594911937 0.1687671232876712 0.033268101761252444
0 0.12136986301369862 0.7385029354207436 0.11232876712328767 0.10322896281800391
