0 0.2732637935767225 0.6592356687898089 0.0337633818281636 0.02988731014208721
1 0.23716716991490527 0.5779029887310142 0.042272852045017836 0.01224889759921607
0 0.2668130661542684 0.6055854973052425 0.01811693659072193 0.06761391474767271
0 0.20930551743068898 0.5663890249877511 0.012901454844908043 0.050955414012738856
1 0.35533900631347787 0.698922097011269 0.24128465550370573 0.0171484566389025
0 0.16854241010156462 0.6193042626163645 0.06807576173483393 0.07349338559529642
0 0.32761460334888826 0.6673199412052915 0.03321438374965687 0.06369426751592357
0 0.3464177875377436 0.6092601665850074 0.021410925061762284 0.03576678098971092
0 0.2552841065056272 0.622733953944145 0.005489980785067252 0.021558059774620282
0 0.11240735657425198 0.8659970602645761 0.1776008783969256 0.2542871141597256
0 0.3508097721657974 0.9461048505634493 0.038978863573977486 0.09897109260166585
0 0.27985177051880317 0.6024007839294463 0.00741147405984079 0.025967662910338068
0 0.34957452648915727 0.7746202841744243 0.08646719736480922 0.14502694757471826
0 0.24197090310183914 0.6643802057814796 0.02662640680757617 0.046055854973052424
0 0.21301125446060937 0.7131308182263596 0.03952786165248422 0.049485546300832926
0 0.0953884161405435 0.8498285154336109 0.190776832281087 0.24154826065654092
