0 0.39301369863013697 0.5362035225048923 0.019999999999999997 0.022504892367906065
0 0.09287671232876711 0.735078277886497 0.1413698630136986 0.11790606653620352
0 0.19095890410958902 0.6538649706457925 0.058630136986301366 0.05039138943248532
0 0.1576712328767123 0.7654109589041096 0.013972602739726026 0.0474559686888454
0 0.1110958904109589 0.8454011741682974 0.07863013698630136 0.11448140900195694
0 0.24287671232876712 0.6056751467710372 0.04465753424657534 0.04598825831702544
1 0.43465753424657533 0.6306262230919765 0.05123287671232876 0.011741682974559686
0 0.036301369863013695 0.9408023483365948 0.07260273972602739 0.07729941291585127
0 0.3306849315068493 0.6029843444227005 0.02136986301369863 0.04256360078277886
0 0.17890410958904107 0.7059686888454011 0.05917808219178082 0.06947162426614481
0 0.2302739726027397 0.6536203522504892 0.040273972602739724 0.049902152641878667
