0 0.37812242657150696 0.6411073003429691 0.015097447158934943 0.08280254777070063
0 0.08701619544331594 0.9774620284174425 0.054350809772165797 0.039196472317491425
0 0.3144386494647268 0.6053405193532582 0.018391435629975295 0.06516413522782949
0 0.19997255009607465 0.8547280744732974 0.12599505901729344 0.17589416952474277
0 0.28163601427395 0.636452719255267 0.027998902003842984 0.02645761881430671
0 0.37537743617897334 0.5791278784909358 0.03266538567115015 0.08035276825085742
0 0.3115564095525665 0.7089661930426262 0.03129289047488334 0.0744732974032337
0 0.33269283557507545 0.5443410093091622 0.015371946198188305 0.050955414012738856
0 0.34367279714521 0.7699657030867222 0.018665934669228657 0.07888290053895149
0 0.3807301674444139 0.8390494855463008 0.025802909689816085 0.31308182263596274
0 0.32679110623112817 0.7937285644292014 0.11172110897611857 0.24007839294463498
0 0.2003842986549547 0.8231259186673199 0.04117485588800439 0.08623223909848113
0 0.29083173208893764 0.583782459578638 0.010705462530881142 0.028907398334149927
0 0.32610485863299477 0.6246937775600195 0.04446884435904474 0.11073003429691328
0 0.1458962393631622 0.7961783439490445 0.21548174581388962 0.2988731014208721
