0 0.3263793576722481 0.5994610485056345 0.053801811693659066 0.10142087212150906
0 0.27998902003842985 0.6087702106810386 0.03129289047488334 0.023027927486526212
0 0.07123250068624759 0.9473297403233709 0.060664287674993135 0.09064184223419892
0 0.36055448805929174 0.5333170014698677 0.011254460609387866 0.011268985791278784
0 0.2267362064232775 0.6771190592846643 0.054350809772165797 0.057814796668299855
0 0.22728520450178422 0.8214110730034296 0.055448805929179244 0.19059284664380205
0 0.15138622014822947 0.7415482606565409 0.052429316497392256 0.04262616364527193
0 0.4404337084820203 0.973297403233709 0.021136426022508918 0.04752572268495835
0 0.4475706835026077 0.8875551200391965 0.013450452923414766 0.08868201861832435
0 0.4153170463903376 0.8275355218030377 0.03184188855339006 0.10289073983341498
0 0.16401317595388415 0.9294463498285154 0.07603623387318144 0.1224889759921607
0 0.0234696678561625 0.8704066634002939 0.04419434531979138 0.04654581087702107
2 0.40227834202580287 0.6457618814306713 0.03980236069173758 0.15090641842234198
