0 0.22945205479452052 0.7622309197651663 0.059452054794520544 0.10567514677103718
1 0.40931506849315064 0.8123776908023483 0.21972602739726027 0.06409001956947162
0 0.1495890410958904 0.9031311154598826 0.08876712328767122 0.16927592954990214
0 0.03767123287671233 0.8468688845401173 0.07315068493150684 0.09295499021526418
0 0.3321917808219178 0.7186888454011742 0.06657534246575342 0.18590998043052837
1 0.1484931506849315 0.8091976516634051 0.29753424657534244 0.0410958904109589
0 0.2826027397260274 0.8627690802348336 0.019999999999999997 0.08463796477495107
0 0.20383561643835615 0.6455479452054794 0.08273972602739725 0.10909980430528375
0 0.04123287671232877 0.7392367906066536 0.07424657534246575 0.057729941291585124
0 0.11643835616438356 0.7465753424657534 0.08931506849315068 0.09295499021526418
