0 0.2547945205479452 0.8211839530332681 0.03561643835616438 0.0885518590998043
3 0.30753424657534245 0.7759295499021526 0.013424657534246574 0.010763209393346379
0 0.18753424657534246 0.9679549902152641 0.026575342465753424 0.062133072407045006
0 0.36452054794520544 0.8520058708414873 0.0210958904109589 0.018101761252446183
0 0.026575342465753424 0.9706457925636007 0.031232876712328765 0.04403131115459882
3 0.2983561643835616 0.7409491193737768 0.014246575342465753 0.017123287671232876
0 0.09438356164383561 0.8962818003913894 0.035890410958904106 0.03424657534246575
0 0.1010958904109589 0.861545988258317 0.010958904109589041 0.025440313111545987
2 0.24671232876712326 0.9351761252446184 0.08575342465753424 0.12084148727984344
2 0.2928767123287671 0.8409980430528375 0.0410958904109589 0.07240704500978473
0 0.1373972602739726 0.8737769080234833 0.0210958904109589 0.03424657534246575
0 0.17164383561643834 0.8723091976516634 0.012328767123287671 0.023483365949119372
