0 0.12 0.9606164383561643 0.012054794520547944 0.031800391389432484
0 0.16794520547945205 0.9266144814090019 0.022465753424657533 0.0273972602739726
0 0.45849315068493146 0.9664872798434442 0.011780821917808219 0.018101761252446183
0 0.37794520547945204 0.559931506849315 0.004657534246575342 0.011252446183953033
0 0.436986301369863 0.6472602739726027 0.012054794520547944 0.029354207436399216
0 0.4002739726027397 0.6333170254403131 0.017534246575342465 0.074853228962818
0 0.40561643835616434 0.7612524461839529 0.03863013698630137 0.08806262230919765
0 0.43 0.6090998043052838 0.014520547945205478 0.0273972602739726
2 0.243972602739726 0.7813111545988258 0.16356164383561642 0.2592954990215264
0 0.12452054794520546 0.8074853228962817 0.04082191780821918 0.0474559686888454
