0 0.2297556958550645 0.7839294463498285 0.029096898160856435 0.06565409113179814
0 0.2297556958550645 0.587702106810387 0.03513587702443041 0.03282704556589907
0 0.3602799890200384 0.6925526702596766 0.037606368377710676 0.10044096031357178
0 0.43315948394180614 0.9265066144047036 0.007685973099094153 0.04997550220480157
0 0.5516058193796322 0.9514943655071043 0.03925336261323085 0.08721215090641841
0 0.18844359044743342 0.6060754532092112 0.015097447158934943 0.020578147966683
0 0.2760087839692561 0.7099461048505634 0.020587427944002194 0.06369426751592357
1 0.29700796047213834 0.9806467417932386 0.05489980785067252 0.03674669279764821
0 0.3147131485039802 0.6457618814306713 0.017842437551468568 0.09701126898579128
0 0.31690914081800714 0.849093581577658 0.011254460609387866 0.05291523762861342
0 0.3155366456217403 0.9402253797158255 0.020587427944002194 0.04017638412542871
0 0.3343398298105956 0.6031357177853993 0.03458687894592369 0.06761391474767271
0 0.4733735931924238 0.7844194022537971 0.02662640680757617 0.050955414012738856
0 0.2754597858907494 0.8530132288094071 0.027724402964589622 0.03331700146986771
0 0.45292341476804826 0.868936795688388 0.020312928904748832 0.060264576188143064
0 0.49986275048037326 0.7751102400783929 0.02854790008234971 0.050955414012738856
0 0.44496294262970076 0.7025967662910338 0.01482294811968158 0.051935325820676136
0 0.19173757891847376 0.5916217540421362 0.012352456766401317 0.013228809407153356
0 0.24306889925885258 0.8537481626653601 0.020587427944002194 0.024987751102400785
3 0.444002195992314 0.9742773150416463 0.0403513587702443 0.04164625183733464
