0 0.42821850123524563 0.6420872121509064 0.010430963491627778 0.01224889759921607
0 0.3670052154817458 0.697452229299363 0.01921493274773538 0.03478686918177364
0 0.5205874279440021 0.77437530622244 0.07878122426571506 0.09652131308182263
0 0.45525665660170184 0.8184713375796179 0.05078232226187208 0.05536501714845664
0 0.05325281361515234 0.8292503674669279 0.10156464452374415 0.10044096031357178
0 0.4739225912709305 0.6746692797648212 0.0315673895141367 0.04409603135717785
0 0.4824320614877848 0.8767760901518863 0.02662640680757617 0.013228809407153356
0 0.2974197090310184 0.6398824105830475 0.029371397200109797 0.021558059774620282
1 0.31416415042547347 0.6658500734933855 0.07987922042272852 0.023517883390494855
0 0.4908042821850123 0.720235178833905 0.01592094427669503 0.021558059774620282
0 0.3549272577545978 0.6050955414012739 0.017567938512215206 0.03135717785399314
0 0.4338457315399396 0.697452229299363 0.03705737029920395 0.06516413522782949
0 0.4197090310183914 0.6170994610485057 0.01372495196266813 0.023027927486526212
0 0.4637661268185561 0.7699657030867222 0.024430414493549272 0.04164625183733464
1 0.2716167993412023 0.7756001959823616 0.33351633269283554 0.05389514943655071
