0 0.4586878945923689 0.8121019108280254 0.03842986549547076 0.1602155805977462
0 0.43096349162777925 0.5796178343949044 0.007685973099094153 0.02645761881430671
0 0.41504254735108426 0.6746692797648212 0.04831183090859181 0.14502694757471826
0 0.40598407905572326 0.8944145026947574 0.013175953884161404 0.04850563449289564
0 0.4434531979138073 0.925281724644782 0.0403513587702443 0.1474767270945615
0 0.4198462805380181 0.581577658010779 0.010705462530881142 0.03723664870161685
0 0.5005489980785067 0.9372856442920137 0.020587427944002194 0.12150906418422341
0 0.3933571232500686 0.8106320431161196 0.018665934669228657 0.13179813816756492
0 0.4433159483941806 0.7016168544830965 0.008783969256107603 0.03233708966193043
0 0.4147680483118309 0.5502204801567859 0.009881965413121054 0.006859382655560999
