0 0.3111446609936865 0.6538461538461539 0.026077408729069447 0.03478686918177364
0 0.09950590172934394 0.7964233219010289 0.1995608015371946 0.17687408133268007
0 0.38100466648366726 0.5360117589416953 0.009332967334614329 0.011758941695247428
0 0.27847927532253636 0.7101910828025477 0.02223442217952237 0.037726604605585495
0 0.30345868789459235 0.6175894169524743 0.02223442217952237 0.030867221950024497
1 0.4102388141641504 0.7471827535521803 0.11556409552566566 0.021558059774620282
0 0.3557507548723579 0.5842724154826066 0.02854790008234971 0.04654581087702107
1 0.11776008783969255 0.9608035276825085 0.2201482294811968 0.039196472317491425
0 0.2510293713972001 0.6817736403723664 0.059017293439472956 0.03282704556589907
0 0.1277793027724403 0.9801567858892699 0.024430414493549272 0.037726604605585495
