0 0.13917808219178082 0.7771526418786693 0.17534246575342466 0.09148727984344422
0 0.18219178082191778 0.6621819960861056 0.08821917808219178 0.06506849315068493
0 0.22945205479452052 0.6675636007827789 0.07972602739726027 0.05332681017612524
0 0.2565753424657534 0.673679060665362 0.08684931506849314 0.09980430528375733
0 0.06287671232876711 0.9129158512720156 0.030410958904109588 0.17025440313111545
0 0.30561643835616437 0.9461839530332681 0.014520547945205478 0.09197651663405088
0 0.31753424657534246 0.5721624266144814 0.11013698630136985 0.05626223091976516
0 0.3343835616438356 0.7842465753424657 0.030958904109589038 0.07045009784735812
0 0.945890410958904 0.8931017612524461 0.05780821917808219 0.03669275929549902
0 0.09424657534246575 0.7556262230919765 0.1884931506849315 0.12573385518590996
