0 0.4099013698630136 0.639273483365949 0.030093150684931482 0.0906800391389432
0 0.4627986301369863 0.7232338551859099 0.047487671232876755 0.0705283757338551
0 0.5168698630136986 0.8281898238747553 0.03338356164383559 0.11251467710371821
0 0.42729999999999996 0.7631188845401174 0.03385479452054799 0.13518101761252443
0 0.24980136986301368 0.6569031311154598 0.1434109589041096 0.07556751467710374
0 0.48701369863013694 0.9020768101761251 0.03197260273972604 0.1477739726027397
0 0.33749315068493146 0.9377592954990215 0.054542465753424696 0.10663405088062623
0 0.04328767123287671 0.8901663405088062 0.08712328767123287 0.1697651663405088
0 0.26555205479452054 0.8517000978473581 0.04795890410958902 0.11754892367906065
0 0.34031369863013694 0.706022504892368 0.07899452054794517 0.07472602739726028
0 0.39226986301369854 0.72029843444227 0.036205479452054753 0.04785714285714282
0 0.46232876712328763 0.7757142857142857 0.009873972602739716 0.036105675146771016
0 0.3515917808219178 0.8252568493150684 0.051731506849315045 0.16709882583170252
0 0.4411698630136986 0.8941022504892367 0.03056438356164382 0.19227495107632092
1 0.24368904109589037 0.7349926614481409 0.1687972602739726 0.03358610567514681
0 0.12143972602739725 0.7387695694716243 0.11237534246575344 0.10327299412915847
