1 0.2718144386494647 0.7396129348358648 0.06825693110074113 0.019314061734443937
2 0.325679385122152 0.726592356687898 0.05179796870710953 0.11756491915727586
0 0.17326379357672247 0.7475894169524743 0.11012352456766399 0.11082802547770702
0 0.24923552017567938 0.9423836354728075 0.03156464452374417 0.10243508084272424
0 0.2831690914081801 0.6071215090641842 0.011811693659072154 0.03779029887310147
0 0.06692012077957728 0.9417123958843703 0.06886631896788362 0.10579617834394907
0 0.33294262970079597 0.6501935325820677 0.024930002744990375 0.03862322390984808
0 0.04507960472138347 0.8034272415482607 0.0823689267087565 0.05961293483586481
1 0.2936878945923689 0.6820994610485056 0.06110623112819105 0.015115139637432586
0 0.3055270381553664 0.619015188633023 0.01019214932747732 0.022390984811367
3 0.1699711776008784 0.889485546300833 0.0602607740872907 0.10915237628613424
0 0.24594153170463903 0.6707643312101911 0.03438649464726873 0.03946104850563448
0 0.2821630524293165 0.6464135227829495 0.012747735382926173 0.037785399314061795
0 0.13186933845731538 0.7190421362077413 0.10541861103486136 0.0906761391474767
