3 0.3154013698630137 0.6923874755381605 0.01995342465753429 0.010528375733855176
2 0.2598493150684931 0.7079305283757338 0.02720547945205481 0.041281800391389484
2 0.3074191780821917 0.6524217221135029 0.04149589041095891 0.03158512720156553
3 0.3327493150684931 0.698458904109589 0.009750684931506826 0.006477495107632098
3 0.3539424657534246 0.644488747553816 0.005923287671232909 0.004721135029354252
3 0.28127671232876705 0.7106066536203522 0.016098630136986296 0.01134050880626215
3 0.3311410958904109 0.663238747553816 0.014435616438356178 0.00913894324853232
2 0.42597808219178085 0.6139921722113503 0.025698630136986287 0.03678082191780814
3 0.3019095890410959 0.7106066536203522 0.016553424657534264 0.008904109589041006
3 0.34534931506849315 0.6393468688845401 0.008473972602739743 0.0037426614481409445
