0 0.3265632720285479 0.5996202841744243 0.05390063134779025 0.10145516903478684
0 0.2802813615152347 0.6090494855463008 0.031564644523744134 0.02350808427241549
0 0.07139857260499588 0.947422831945125 0.060683502607740865 0.09068103870651638
0 0.3606697776557782 0.5337873591376776 0.011342300301948926 0.011337579617834333
0 0.22686659346692287 0.677481626653601 0.05456766401317594 0.05793238608525233
0 0.22736480922316768 0.8218985791278784 0.055564095525665644 0.19059774620284173
0 0.15160170189404334 0.7421313081822636 0.05268460060389788 0.04282214600685943
0 0.44069036508372217 0.9738706516413523 0.021216030743892385 0.04785889269965706
0 0.4477683228108701 0.8878074473297403 0.013642602250892134 0.0890004899559039
0 0.41554625308811416 0.8277756001959824 0.031987373044194335 0.10327290543851063
0 0.16432747735382924 0.9297893189612934 0.07625308811419158 0.12258696717295445
0 0.023675542135602523 0.8710166585007348 0.04426571506999725 0.04702106810387066
2 0.40261048586329945 0.6459946104850562 0.03998353005764475 0.15113669769720725
