0 0.3783598682404611 0.641376776090152 0.015100192149327474 0.08312591866731998
0 0.08715618995333516 0.9780695737383636 0.05456491902278341 0.03946104850563448
0 0.31462119132583033 0.6056908378245959 0.018394180620367826 0.06549240568348841
0 0.20007685973099093 0.8550636942675158 0.1261158385945649 0.17632043116119545
0 0.28192835575075487 0.6367589416952474 0.028270656052703784 0.02686428221460065
0 0.3755613505352731 0.5796643802057814 0.032928904748833386 0.08060264576188142
0 0.31179934120230585 0.7093875551200391 0.03156464452374417 0.07472807447329739
0 0.3329906670326654 0.5448187163155316 0.015522920669777642 0.05121509064184222
0 0.34401729343947296 0.7702596766291033 0.018855339006313428 0.07892209701126907
0 0.38093741421905025 0.8395345418912298 0.025942904199835297 0.31318961293483577
0 0.327109525116662 0.7937702106810387 0.11195717814987644 0.24013228809407158
0 0.20054762558331046 0.8235742283194513 0.04144111995608016 0.08648211660950514
0 0.291100741147406 0.584282214600686 0.010864671973648071 0.029387555120039204
0 0.3263546527587153 0.6250048995590397 0.04468295360966235 0.11083292503674672
0 0.1459813340653308 0.7962885840274375 0.2154927257754598 0.29890739833414987
