0 0.3933575342465753 0.536477495107632 0.02024383561643838 0.022739726027397267
0 0.0930945205479452 0.7356384540117417 0.1415205479452055 0.1180772994129158
0 0.19122191780821918 0.6542588062622309 0.05880547945205478 0.05072896281800394
0 0.1577054794520548 0.7658610567514677 0.014041095890410958 0.0478082191780822
0 0.11127260273972601 0.8456262230919764 0.0786931506849315 0.11486301369863011
0 0.2429767123287671 0.6058635029354207 0.04476438356164383 0.04606164383561648
1 0.4349479452054794 0.6310665362035225 0.051430136986301375 0.012133072407044986
0 0.036153424657534246 0.9412499999999999 0.07285479452054794 0.07754892367906066
0 0.33090958904109585 0.6035885518590999 0.021627397260273986 0.042822896281800374
0 0.1790780821917808 0.7059980430528375 0.05934520547945205 0.06948140900195693
0 0.23040547945205478 0.6539677103718199 0.04052054794520547 0.05014677103718199
