0 0.22998353005764477 0.7843410093091622 0.02910787812242659 0.0658892699657031
0 0.23002607740872905 0.587736403723665 0.035281361515234685 0.03288584027437536
0 0.36046115838594556 0.6930132288094072 0.037628328300850986 0.10075453209211176
0 0.433328300850947 0.9269034786869181 0.007902827340104298 0.05037726604605582
0 0.5519407082075213 0.9516217540421362 0.03946747186384853 0.08731994120529142
0 0.18867416964040626 0.6062812346888781 0.01529508646719737 0.02098971092601662
0 0.27604446884435907 0.7105805977462029 0.020614877847927537 0.06414012738853507
1 0.29723991216030743 0.9810240078392944 0.0550398023606917 0.03697207251347381
0 0.3148805929179248 0.6458304752572268 0.017875377436179004 0.09707006369426757
0 0.3170436453472413 0.8498211660950515 0.01128740049409824 0.05340029397354239
0 0.31581937963217127 0.9407055365017148 0.020697227559703563 0.040303772660460556
0 0.3346129563546527 0.60359382655561 0.03485863299478452 0.06801077902988728
0 0.4736426022508921 0.7849534541891229 0.026813066154268414 0.0512199902008819
0 0.2756011528959648 0.8533831455169035 0.027754597858907465 0.033586477217050444
0 0.4530839967060115 0.869470847623714 0.020321163875926425 0.06045075943165109
0 0.5001962668130661 0.7752988731014209 0.028742794400219606 0.051215090641842334
0 0.44515920944276693 0.7030891719745224 0.01500686247598129 0.0520578147966683
0 0.192001097996157 0.591937775600196 0.012544606093878651 0.013292503674669333
0 0.24335575075487234 0.8542209701126899 0.020650562723030473 0.025188633023027967
3 0.44423552017567935 0.9746202841744243 0.0404337084820203 0.04194022537971578
