0 0.3753266538567115 0.6182876041156297 0.05691737578918471 0.025188633023027967
0 0.3174430414493549 0.6569108280254777 0.04944002195992311 0.11586967172954435
0 0.408230853692012 0.6497721705046545 0.021216030743892385 0.05121509064184222
0 0.10011666209168266 0.7752988731014209 0.14352182267362062 0.1343410093091622
0 0.45456629151797967 0.9365066144047036 0.0546115838594565 0.11418912297893187
0 0.21207246774636287 0.7148456638902498 0.022157562448531436 0.031905928466437965
0 0.27793027724402963 0.61031112199902 0.017452648915728775 0.017633512983831458
0 0.36001509744715887 0.5758843704066634 0.03485863299478452 0.05793238608525233
0 0.269696678561625 0.6816805487506125 0.07719187482843808 0.09823615874571288
0 0.3206354652758715 0.5704091131798138 0.02878122426571504 0.02915727584517393
0 0.32847515783694753 0.6619475747182753 0.029165522920669776 0.060455658990690886
2 0.39870985451550917 0.5736158745712886 0.022898709854515528 0.036736893679568845
