0 0.355082349711776 0.5954826065654092 0.025805654680208616 0.0396472317491425
0 0.426836398572605 0.6518716315531601 0.031987373044194335 0.06381185693287604
0 0.3452511666209168 0.7538951494365507 0.019736480922316797 0.1864772170504654
0 0.4077738127916552 0.5733733463988242 0.026132308536920067 0.040818226359627716
1 0.40030881141916 0.6091768740813326 0.06732637935767224 0.021587457128858376
0 0.23409964315124895 0.606327780499755 0.01473236343672796 0.027403233708966225
0 0.3955531155640955 0.8588412542871141 0.016464452374416693 0.05457618814306706
0 0.20104035135877027 0.6383365997060264 0.02028547900082349 0.02507104360607549
0 0.09635328026351907 0.7391940225379715 0.1698627504803733 0.1427388535031847
0 0.5063107329124348 0.7870529152376285 0.09789184737853414 0.1931161195492406
