0 0.16432610485863297 0.7224007839294464 0.13834751578369475 0.09404213620774132
0 0.3244990392533626 0.7685791278784909 0.0362668130661543 0.05877511024007841
0 0.47155640955256656 0.7295345418912298 0.014427669503156786 0.05440470357667808
0 0.35905984079055714 0.7031087702106811 0.020716442492451283 0.03692797648211667
0 0.30286027998902 0.7488486036256737 0.025918199286302516 0.04785889269965706
0 0.19255146856985997 0.8554826065654091 0.08095800164699421 0.10159725624693784
0 0.6293219873730441 0.9612763351298383 0.05593192423826522 0.07304752572268491
0 0.4548147131485039 0.7771582557569818 0.005446060938786692 0.015551200391964727
0 0.30639857260499587 0.6367099461048505 0.014048860828987115 0.018280254777070147
0 0.25419846280538017 0.6791597256246937 0.08279165522920666 0.07137187653111224
0 0.5696047213834752 0.9276898579127878 0.055037057370299264 0.13349828515433612
0 0.07236206423277518 0.8277756001959824 0.1435218226736206 0.1351788339049486
0 0.41601701894043375 0.9209725624693778 0.028223991216030725 0.153655071043606
