0 0.13929999999999998 0.7774021526418786 0.17537260273972602 0.09149706457925634
0 0.18232876712328766 0.6627837573385519 0.08839452054794521 0.06548923679060671
0 0.22981780821917808 0.6678204500978474 0.07993150684931506 0.05373287671232884
0 0.25685479452054794 0.6741169275929549 0.086986301369863 0.09991682974559687
0 0.06313287671232877 0.9134124266144813 0.03055616438356164 0.1704452054794521
0 0.30575342465753425 0.9465777886497064 0.014575342465753373 0.09236301369863012
0 0.3177821917808219 0.5727470645792564 0.11039726027397263 0.056560665362035176
0 0.33467123287671235 0.7845303326810176 0.031030136986301367 0.07052837573385522
0 0.9461575342465752 0.893681506849315 0.057832876712328805 0.036942270058708405
0 0.0940835616438356 0.7559809197651662 0.18871506849315065 0.12594422700587088
